 0.00943   5.0481689e-02
 0.02828   2.4765400e-01
 0.04713   3.3430700e-01
 0.06598   2.3025200e-01
 0.08484   9.8972000e-02
 0.10369   2.9877600e-02
 0.12254   6.9024700e-03
 0.14139   1.3026800e-03
 0.16025   2.1121000e-04
 0.17910   3.0775000e-05
 0.19795   4.1660600e-06
 0.21680   5.3591700e-07
 0.23566   6.6894400e-08
 0.25451   8.2583900e-09
 0.27336   9.2478100e-10
 0.29221   7.1347400e-11
 0.31107   3.9045300e-12
 0.32992   1.9183940e-13
 0.34877   9.7595300e-15
 0.36762   1.4950800e-16
 0.38648   0.0000000e+00
 0.40533   0.0000000e+00
 0.42418   0.0000000e+00
 0.44303   0.0000000e+00
 0.46189   0.0000000e+00
 0.48074   0.0000000e+00
 0.49959   0.0000000e+00
